0 0.7493489583333334 0.8606770833333334 0.05078125 0.06770833333333333
0 0.685546875 0.892578125 0.048177083333333336 0.07161458333333333
0 0.490234375 0.9739583333333334 0.045572916666666664 0.052083333333333336
0 0.4466145833333333 0.7356770833333334 0.07552083333333333 0.08854166666666667
0 0.3216145833333333 0.7513020833333334 0.08333333333333333 0.1015625
0 0.22981770833333334 0.7955729166666666 0.07942708333333333 0.0859375
0 0.12239583333333333 0.8333333333333334 0.078125 0.09895833333333333
0 0.03125 0.8170572916666666 0.0625 0.07682291666666667
0 0.3229166666666667 0.3111979166666667 0.13541666666666666 0.140625
0 0.4811197916666667 0.22981770833333334 0.07942708333333333 0.08463541666666667
0 0.63671875 0.18880208333333334 0.07552083333333333 0.09895833333333333
0 0.79296875 0.12174479166666667 0.08072916666666667 0.11328125
