0 0.044270833333333336 0.150390625 0.08854166666666667 0.08723958333333333
0 0.044921875 0.2649739583333333 0.08984375 0.09244791666666667
0 0.04296875 0.3873697916666667 0.0859375 0.09244791666666667
0 0.048828125 0.748046875 0.09765625 0.08463541666666667
0 0.048177083333333336 0.8678385416666666 0.09635416666666667 0.08463541666666667
0 0.05078125 0.962890625 0.1015625 0.07421875
0 0.8118489583333334 0.162109375 0.09765625 0.08203125
0 0.8489583333333334 0.3704427083333333 0.10416666666666667 0.08203125
0 0.5260416666666666 0.3873697916666667 0.11197916666666667 0.07942708333333333
0 0.8326822916666666 0.587890625 0.09765625 0.08203125
0 0.5240885416666666 0.7154947916666666 0.11067708333333333 0.07421875
0 0.5299479166666666 0.8170572916666666 0.1171875 0.06901041666666667
0 0.8411458333333334 0.791015625 0.11458333333333333 0.07682291666666667
0 0.845703125 0.8958333333333334 0.10546875 0.0703125
