0 0.8470052083333334 0.4583333333333333 0.11588541666666667 0.13020833333333334
0 0.6803385416666666 0.7486979166666666 0.11588541666666667 0.125
0 0.053385416666666664 0.6490885416666666 0.10677083333333333 0.22526041666666666
0 0.20182291666666666 0.73046875 0.1875 0.19791666666666666
0 0.3287760416666667 0.8834635416666666 0.2513020833333333 0.23307291666666666
0 0.3346354166666667 0.890625 0.2552083333333333 0.21875
0 0.197265625 0.7356770833333334 0.19140625 0.1875
0 0.054036458333333336 0.6497395833333334 0.10807291666666667 0.21875
0 0.8470052083333334 0.462890625 0.11848958333333333 0.12630208333333334
0 0.6790364583333334 0.75390625 0.11328125 0.12760416666666666
