0 0.039713541666666664 0.14192708333333334 0.07942708333333333 0.1015625
0 0.038411458333333336 0.263671875 0.07682291666666667 0.08203125
0 0.041015625 0.3821614583333333 0.08203125 0.08463541666666667
0 0.033854166666666664 0.5045572916666666 0.06770833333333333 0.08723958333333333
0 0.041666666666666664 0.7408854166666666 0.08333333333333333 0.09375
0 0.045572916666666664 0.865234375 0.09114583333333333 0.09505208333333333
0 0.8294270833333334 0.09244791666666667 0.10416666666666667 0.109375
0 0.8229166666666666 0.5364583333333334 0.10416666666666667 0.09375
0 0.8248697916666666 0.6484375 0.09765625 0.07291666666666667
0 0.53125 0.6432291666666666 0.09114583333333333 0.09895833333333333
0 0.369140625 0.884765625 0.07421875 0.12890625
0 0.7845052083333334 0.9609375 0.08463541666666667 0.078125
