0 0.9134114583333334 0.17447916666666666 0.10286458333333333 0.12239583333333333
0 0.7643229166666666 0.11653645833333333 0.1484375 0.16276041666666666
0 0.15690104166666666 0.142578125 0.15494791666666666 0.16276041666666666
0 0.8802083333333334 0.912109375 0.15885416666666666 0.17057291666666666
0 0.6979166666666666 0.8196614583333334 0.15625 0.20703125
0 0.52734375 0.720703125 0.15885416666666666 0.20703125
0 0.3502604166666667 0.634765625 0.15885416666666666 0.18880208333333334
0 0.16666666666666666 0.5520833333333334 0.1484375 0.18489583333333334
0 0.14453125 0.9264322916666666 0.16145833333333334 0.14713541666666666
0 0.03515625 0.4309895833333333 0.0703125 0.1796875
