0 0.16796875 0.039713541666666664 0.16927083333333334 0.07942708333333333
0 0.08463541666666667 0.19856770833333334 0.13020833333333334 0.12890625
0 0.4622395833333333 0.15364583333333334 0.11979166666666667 0.109375
0 0.3795572916666667 0.3372395833333333 0.14973958333333334 0.11979166666666667
0 0.21809895833333334 0.7760416666666666 0.2513020833333333 0.20572916666666666
0 0.904296875 0.3326822916666667 0.19140625 0.24088541666666666
0 0.041015625 0.3697916666666667 0.08203125 0.1484375
0 0.21614583333333334 0.7740885416666666 0.234375 0.20703125
0 0.041666666666666664 0.3717447916666667 0.08333333333333333 0.14453125
0 0.08072916666666667 0.201171875 0.1328125 0.11588541666666667
0 0.16536458333333334 0.037760416666666664 0.15885416666666666 0.07552083333333333
0 0.4641927083333333 0.15559895833333334 0.11588541666666667 0.10026041666666667
0 0.37890625 0.341796875 0.14322916666666666 0.11588541666666667
0 0.9055989583333334 0.337890625 0.18880208333333334 0.22786458333333334
