0 0.2552083333333333 0.9446614583333334 0.09635416666666667 0.061197916666666664
0 0.4928385416666667 0.587890625 0.09765625 0.06640625
0 0.451171875 0.509765625 0.09505208333333333 0.061197916666666664
0 0.4381510416666667 0.4225260416666667 0.09244791666666667 0.06640625
0 0.4733072916666667 0.3450520833333333 0.10026041666666667 0.0625
0 0.4498697916666667 0.24674479166666666 0.09244791666666667 0.07421875
0 0.22330729166666666 0.189453125 0.08723958333333333 0.061197916666666664
0 0.51171875 0.177734375 0.10677083333333333 0.06640625
0 0.5319010416666666 0.10611979166666667 0.10807291666666667 0.05859375
0 0.5319010416666666 0.035807291666666664 0.08984375 0.07161458333333333
