0 0.24869791666666666 0.728515625 0.1015625 0.06640625
0 0.2903645833333333 0.8190104166666666 0.11197916666666667 0.06510416666666667
0 0.6015625 0.7350260416666666 0.0859375 0.07161458333333333
0 0.6419270833333334 0.8287760416666666 0.09895833333333333 0.06640625
0 0.3671875 0.9850260416666666 0.10416666666666667 0.029947916666666668
0 0.3587239583333333 0.9830729166666666 0.09244791666666667 0.033854166666666664
0 0.2864583333333333 0.8229166666666666 0.09114583333333333 0.07291666666666667
0 0.24934895833333334 0.734375 0.09505208333333333 0.07552083333333333
0 0.6048177083333334 0.7356770833333334 0.08463541666666667 0.07291666666666667
0 0.6393229166666666 0.8294270833333334 0.0859375 0.07291666666666667
