0 0.3522135416666667 0.4993489583333333 0.09505208333333333 0.06380208333333333
0 0.3255208333333333 0.022135416666666668 0.1015625 0.044270833333333336
0 0.328125 0.09049479166666667 0.0859375 0.06380208333333333
0 0.326171875 0.17122395833333334 0.08463541666666667 0.06640625
0 0.6119791666666666 0.046875 0.078125 0.07552083333333333
0 0.6119791666666666 0.193359375 0.078125 0.06640625
0 0.78125 0.2903645833333333 0.10416666666666667 0.125
0 0.6321614583333334 0.728515625 0.10546875 0.07161458333333333
0 0.615234375 0.8235677083333334 0.10286458333333333 0.07682291666666667
0 0.630859375 0.9348958333333334 0.10286458333333333 0.07552083333333333
0 0.3424479166666667 0.9895833333333334 0.09114583333333333 0.020833333333333332
0 0.962890625 0.8359375 0.06640625 0.09895833333333333
