0 0.035807291666666664 0.19921875 0.07161458333333333 0.11458333333333333
0 0.3873697916666667 0.123046875 0.06380208333333333 0.06640625
0 0.986328125 0.3743489583333333 0.02734375 0.06901041666666667
0 0.955078125 0.4772135416666667 0.08463541666666667 0.06901041666666667
0 0.6048177083333334 0.619140625 0.06901041666666667 0.08463541666666667
0 0.05078125 0.2109375 0.1015625 0.125
0 0.3854166666666667 0.12565104166666666 0.059895833333333336 0.08463541666666667
0 0.6002604166666666 0.6145833333333334 0.07552083333333333 0.07552083333333333
0 0.9563802083333334 0.47265625 0.07942708333333333 0.07552083333333333
0 0.984375 0.3815104166666667 0.03125 0.08854166666666667
