0 0.3639322916666667 0.14192708333333334 0.09765625 0.1015625
0 0.3522135416666667 0.263671875 0.11588541666666667 0.08203125
0 0.3522135416666667 0.3821614583333333 0.12630208333333334 0.08463541666666667
0 0.3411458333333333 0.5045572916666666 0.11979166666666667 0.08723958333333333
0 0.357421875 0.7408854166666666 0.11848958333333333 0.09375
0 0.3639322916666667 0.865234375 0.12109375 0.09505208333333333
0 0.07421875 0.3841145833333333 0.12760416666666666 0.08333333333333333
0 0.06901041666666667 0.5084635416666666 0.125 0.08984375
0 0.072265625 0.6243489583333334 0.13671875 0.08463541666666667
0 0.072265625 0.86328125 0.13151041666666666 0.08854166666666667
0 0.8645833333333334 0.6432291666666666 0.09114583333333333 0.09895833333333333
0 0.7024739583333334 0.884765625 0.07421875 0.12890625
