0 0.5397135416666666 0.12109375 0.07161458333333333 0.057291666666666664
0 0.5026041666666666 0.18619791666666666 0.09375 0.0625
0 0.45703125 0.248046875 0.07552083333333333 0.07682291666666667
0 0.3248697916666667 0.3196614583333333 0.07421875 0.12109375
0 0.21549479166666666 0.3997395833333333 0.11067708333333333 0.078125
0 0.4407552083333333 0.4420572916666667 0.08984375 0.06640625
0 0.4518229166666667 0.5091145833333334 0.09635416666666667 0.06510416666666667
0 0.4876302083333333 0.6471354166666666 0.08463541666666667 0.06510416666666667
0 0.5130208333333334 0.7161458333333334 0.09635416666666667 0.0703125
0 0.026041666666666668 0.7688802083333334 0.049479166666666664 0.09505208333333333
0 0.23307291666666666 0.8001302083333334 0.0859375 0.06380208333333333
0 0.25390625 0.953125 0.08333333333333333 0.0625
0 0.5970052083333334 0.8971354166666666 0.08723958333333333 0.0703125
0 0.6315104166666666 0.9609375 0.07552083333333333 0.078125
