0 0.9791666666666666 0.028645833333333332 0.041666666666666664 0.057291666666666664
0 0.92578125 0.14778645833333334 0.11458333333333333 0.09244791666666667
0 0.431640625 0.19466145833333334 0.09505208333333333 0.10807291666666667
0 0.5553385416666666 0.2565104166666667 0.09765625 0.1015625
0 0.6770833333333334 0.3157552083333333 0.10677083333333333 0.11328125
0 0.7428385416666666 0.587890625 0.07161458333333333 0.08203125
0 0.6354166666666666 0.6764322916666666 0.08333333333333333 0.09765625
0 0.5201822916666666 0.6302083333333334 0.08984375 0.10416666666666667
0 0.4088541666666667 0.5631510416666666 0.11197916666666667 0.14192708333333334
0 0.4134114583333333 0.9596354166666666 0.10546875 0.0703125
0 0.3092447916666667 0.939453125 0.07682291666666667 0.10807291666666667
