0 0.8463541666666666 0.9140625 0.09114583333333333 0.12239583333333333
0 0.20638020833333334 0.9674479166666666 0.06901041666666667 0.06510416666666667
0 0.306640625 0.9791666666666666 0.06901041666666667 0.041666666666666664
0 0.4055989583333333 0.9368489583333334 0.08984375 0.09765625
0 0.46484375 0.833984375 0.11458333333333333 0.09244791666666667
0 0.4244791666666667 0.7180989583333334 0.12239583333333333 0.10026041666666667
0 0.333984375 0.654296875 0.09244791666666667 0.11067708333333333
0 0.21940104166666666 0.5846354166666666 0.09244791666666667 0.09895833333333333
0 0.10286458333333333 0.5188802083333334 0.09375 0.10026041666666667
0 0.24609375 0.279296875 0.09635416666666667 0.11588541666666667
0 0.3444010416666667 0.23046875 0.08723958333333333 0.09895833333333333
0 0.5631510416666666 0.30078125 0.09765625 0.10677083333333333
0 0.681640625 0.3430989583333333 0.09505208333333333 0.10546875
0 0.951171875 0.2766927083333333 0.08723958333333333 0.10546875
0 0.7936197916666666 0.11588541666666667 0.10286458333333333 0.09635416666666667
0 0.79296875 0.017578125 0.1015625 0.03515625
