0 0.11263020833333333 0.26953125 0.22526041666666666 0.21614583333333334
0 0.10221354166666667 0.5833333333333334 0.20182291666666666 0.22135416666666666
0 0.13346354166666666 0.890625 0.2643229166666667 0.21875
0 0.8138020833333334 0.234375 0.234375 0.22395833333333334
0 0.8111979166666666 0.6171875 0.23697916666666666 0.21354166666666666
0 0.79296875 0.8984375 0.21354166666666666 0.203125
0 0.11067708333333333 0.2662760416666667 0.21875 0.22265625
0 0.09700520833333333 0.5774739583333334 0.19401041666666666 0.22005208333333334
0 0.12565104166666666 0.8860677083333334 0.24869791666666666 0.22786458333333334
0 0.7975260416666666 0.8958333333333334 0.21744791666666666 0.20833333333333334
0 0.810546875 0.6119791666666666 0.23567708333333334 0.21875
0 0.8118489583333334 0.234375 0.23567708333333334 0.20833333333333334
