0 0.9127604166666666 0.2623697916666667 0.09375 0.07421875
0 0.5006510416666666 0.431640625 0.11067708333333333 0.07682291666666667
0 0.197265625 0.5592447916666666 0.13671875 0.07682291666666667
0 0.022786458333333332 0.6334635416666666 0.045572916666666664 0.07421875
0 0.9140625 0.9029947916666666 0.078125 0.07161458333333333
0 0.673828125 0.3645833333333333 0.10026041666666667 0.07552083333333333
0 0.9173177083333334 0.2604166666666667 0.09244791666666667 0.078125
0 0.6692708333333334 0.361328125 0.0859375 0.07682291666666667
0 0.4921875 0.4342447916666667 0.1015625 0.07682291666666667
0 0.20572916666666666 0.5462239583333334 0.09635416666666667 0.07942708333333333
0 0.016276041666666668 0.63671875 0.032552083333333336 0.07552083333333333
0 0.9095052083333334 0.9095052083333334 0.07161458333333333 0.08723958333333333
