0 0.06901041666666667 0.22916666666666666 0.09635416666666667 0.11979166666666667
0 0.028645833333333332 0.024088541666666668 0.057291666666666664 0.048177083333333336
0 0.357421875 0.013020833333333334 0.12109375 0.026041666666666668
0 0.8333333333333334 0.057291666666666664 0.17708333333333334 0.11458333333333333
0 0.7688802083333334 0.25 0.19921875 0.17447916666666666
0 0.408203125 0.546875 0.10026041666666667 0.11979166666666667
0 0.2610677083333333 0.5963541666666666 0.13671875 0.16145833333333334
0 0.09375 0.650390625 0.14583333333333334 0.15494791666666666
0 0.412109375 0.92578125 0.14973958333333334 0.1484375
0 0.580078125 0.8782552083333334 0.14973958333333334 0.16796875
0 0.763671875 0.8177083333333334 0.13932291666666666 0.15104166666666666
0 0.19986979166666666 0.9596354166666666 0.14713541666666666 0.08072916666666667
