0 0.07682291666666667 0.04296875 0.15364583333333334 0.0859375
0 0.2701822916666667 0.06510416666666667 0.12109375 0.13020833333333334
0 0.9778645833333334 0.7486979166666666 0.044270833333333336 0.125
0 0.09244791666666667 0.5514322916666666 0.1640625 0.19661458333333334
0 0.3430989583333333 0.6490885416666666 0.19401041666666666 0.22526041666666666
0 0.53515625 0.73046875 0.1875 0.19791666666666666
0 0.662109375 0.8834635416666666 0.2513020833333333 0.23307291666666666
0 0.66796875 0.890625 0.2552083333333333 0.21875
0 0.5305989583333334 0.7356770833333334 0.19140625 0.1875
0 0.3463541666666667 0.6497395833333334 0.19010416666666666 0.21875
0 0.095703125 0.5553385416666666 0.16015625 0.19401041666666666
0 0.07552083333333333 0.040364583333333336 0.15104166666666666 0.08072916666666667
0 0.271484375 0.06315104166666667 0.11588541666666667 0.12630208333333334
0 0.9778645833333334 0.75390625 0.044270833333333336 0.12760416666666666
