0 0.7005208333333334 0.018229166666666668 0.10416666666666667 0.036458333333333336
0 0.5442708333333334 0.16731770833333334 0.08072916666666667 0.07942708333333333
0 0.4453125 0.185546875 0.0703125 0.07421875
0 0.3567708333333333 0.24479166666666666 0.0546875 0.0859375
0 0.3125 0.3268229166666667 0.07552083333333333 0.06510416666666667
0 0.19010416666666666 0.3079427083333333 0.08854166666666667 0.061197916666666664
0 0.146484375 0.4049479166666667 0.09244791666666667 0.07291666666666667
0 0.024739583333333332 0.3743489583333333 0.049479166666666664 0.06901041666666667
0 0.022135416666666668 0.3815104166666667 0.044270833333333336 0.08854166666666667
0 0.13606770833333334 0.400390625 0.07682291666666667 0.07682291666666667
0 0.18424479166666666 0.306640625 0.07682291666666667 0.08203125
0 0.3131510416666667 0.3294270833333333 0.07942708333333333 0.07552083333333333
0 0.3606770833333333 0.23958333333333334 0.07291666666666667 0.08854166666666667
0 0.4453125 0.18359375 0.07552083333333333 0.09114583333333333
0 0.5377604166666666 0.169921875 0.07552083333333333 0.09244791666666667
0 0.6920572916666666 0.021484375 0.09244791666666667 0.04296875
