0 0.4700520833333333 0.8001302083333334 0.09114583333333333 0.09244791666666667
0 0.365234375 0.9095052083333334 0.10286458333333333 0.09765625
0 0.23307291666666666 0.8723958333333334 0.08854166666666667 0.09375
0 0.146484375 0.765625 0.09505208333333333 0.09114583333333333
0 0.5045572916666666 0.5748697916666666 0.09765625 0.09765625
0 0.4446614583333333 0.4485677083333333 0.09244791666666667 0.09765625
0 0.3932291666666667 0.345703125 0.09635416666666667 0.09505208333333333
0 0.3444010416666667 0.248046875 0.09765625 0.07942708333333333
0 0.2845052083333333 0.14908854166666666 0.09244791666666667 0.09505208333333333
0 0.020182291666666668 0.419921875 0.040364583333333336 0.09505208333333333
0 0.22721354166666666 0.05078125 0.10026041666666667 0.09114583333333333
