0 0.12239583333333333 0.171875 0.24479166666666666 0.22916666666666666
0 0.11197916666666667 0.4375 0.22395833333333334 0.22395833333333334
0 0.09440104166666667 0.6966145833333334 0.13411458333333334 0.13020833333333334
0 0.8040364583333334 0.16145833333333334 0.23046875 0.22135416666666666
0 0.8033854166666666 0.4264322916666667 0.16145833333333334 0.12890625
0 0.12565104166666666 0.17252604166666666 0.2513020833333333 0.23307291666666666
0 0.111328125 0.4342447916666667 0.22265625 0.21744791666666666
0 0.09375 0.6953125 0.14322916666666666 0.1328125
0 0.8020833333333334 0.4186197916666667 0.16666666666666666 0.13151041666666666
0 0.7994791666666666 0.16145833333333334 0.23958333333333334 0.21875
