0 0.012369791666666666 0.7311197916666666 0.024739583333333332 0.09244791666666667
0 0.056640625 0.74609375 0.061197916666666664 0.059895833333333336
0 0.109375 0.80859375 0.06770833333333333 0.0703125
0 0.11197916666666667 0.8717447916666666 0.044270833333333336 0.05078125
0 0.05859375 0.892578125 0.06770833333333333 0.07421875
0 0.20768229166666666 0.8509114583333334 0.06901041666666667 0.07682291666666667
0 0.287109375 0.9069010416666666 0.06901041666666667 0.07682291666666667
0 0.24739583333333334 0.9733072916666666 0.06770833333333333 0.053385416666666664
0 0.3723958333333333 0.94921875 0.059895833333333336 0.06510416666666667
0 0.423828125 0.9557291666666666 0.055989583333333336 0.044270833333333336
0 0.3470052083333333 0.9895833333333334 0.053385416666666664 0.020833333333333332
0 0.44140625 0.98046875 0.06770833333333333 0.0390625
