0 0.9166666666666666 0.3346354166666667 0.16666666666666666 0.22395833333333334
0 0.9029947916666666 0.5833333333333334 0.19401041666666666 0.2265625
0 0.8268229166666666 0.8971354166666666 0.28125 0.20572916666666666
0 0.48828125 0.16145833333333334 0.2552083333333333 0.2265625
0 0.185546875 0.039713541666666664 0.17317708333333334 0.07942708333333333
0 0.1015625 0.19661458333333334 0.14322916666666666 0.125
0 0.4088541666666667 0.333984375 0.1640625 0.12369791666666667
0 0.3424479166666667 0.5475260416666666 0.28125 0.23307291666666666
0 0.2421875 0.771484375 0.2552083333333333 0.22005208333333334
0 0.049479166666666664 0.3522135416666667 0.09895833333333333 0.21223958333333334
