0 0.8528645833333334 0.02734375 0.07552083333333333 0.0546875
0 0.96484375 0.026692708333333332 0.0625 0.053385416666666664
0 0.134765625 0.5859375 0.10807291666666667 0.11979166666666667
0 0.2545572916666667 0.5904947916666666 0.11328125 0.11328125
0 0.3684895833333333 0.5846354166666666 0.109375 0.12239583333333333
0 0.634765625 0.5911458333333334 0.10026041666666667 0.11197916666666667
0 0.7766927083333334 0.6041666666666666 0.09765625 0.11197916666666667
0 0.7884114583333334 0.9375 0.10546875 0.125
0 0.6725260416666666 0.9381510416666666 0.10807291666666667 0.10546875
0 0.3821614583333333 0.927734375 0.10286458333333333 0.11848958333333333
0 0.2565104166666667 0.9296875 0.10677083333333333 0.11458333333333333
0 0.13151041666666666 0.9615885416666666 0.11458333333333333 0.07682291666666667
