0 0.050130208333333336 0.9518229166666666 0.09244791666666667 0.09635416666666667
0 0.158203125 0.9641927083333334 0.07161458333333333 0.07161458333333333
0 0.7552083333333334 0.16015625 0.11197916666666667 0.1015625
0 0.8229166666666666 0.271484375 0.11458333333333333 0.08984375
0 0.74609375 0.4661458333333333 0.10416666666666667 0.078125
0 0.6634114583333334 0.5774739583333334 0.11067708333333333 0.08463541666666667
0 0.6106770833333334 0.6809895833333334 0.0859375 0.0859375
0 0.5123697916666666 0.7493489583333334 0.08984375 0.09505208333333333
0 0.376953125 0.9375 0.07682291666666667 0.10416666666666667
0 0.26171875 0.9446614583333334 0.0859375 0.11067708333333333
0 0.7298177083333334 0.966796875 0.07942708333333333 0.06640625
