0 0.025390625 0.031901041666666664 0.05078125 0.06380208333333333
0 0.22786458333333334 0.03515625 0.140625 0.06510416666666667
0 0.6061197916666666 0.031901041666666664 0.12630208333333334 0.061197916666666664
0 0.21875 0.5807291666666666 0.12239583333333333 0.12239583333333333
0 0.4908854166666667 0.5872395833333334 0.12239583333333333 0.1171875
0 0.61328125 0.5833333333333334 0.11197916666666667 0.109375
0 0.736328125 0.5846354166666666 0.10546875 0.11979166666666667
0 0.8450520833333334 0.96484375 0.11458333333333333 0.0703125
0 0.6022135416666666 0.9251302083333334 0.11067708333333333 0.11328125
0 0.482421875 0.92578125 0.09765625 0.109375
0 0.21419270833333334 0.9225260416666666 0.09765625 0.11588541666666667
0 0.09309895833333333 0.919921875 0.11067708333333333 0.11848958333333333
