0 0.5221354166666666 0.10091145833333333 0.08072916666666667 0.06640625
0 0.5032552083333334 0.17513020833333334 0.08984375 0.06380208333333333
0 0.4466145833333333 0.24544270833333334 0.09114583333333333 0.07421875
0 0.4694010416666667 0.3391927083333333 0.08984375 0.06640625
0 0.45703125 0.5149739583333334 0.09895833333333333 0.06380208333333333
0 0.23307291666666666 0.587890625 0.07552083333333333 0.05859375
0 0.5299479166666666 0.75390625 0.09114583333333333 0.06510416666666667
0 0.3333333333333333 0.7109375 0.06770833333333333 0.057291666666666664
0 0.2578125 0.9446614583333334 0.09375 0.05859375
0 0.6015625 0.8971354166666666 0.08333333333333333 0.0703125
0 0.6536458333333334 0.96875 0.08072916666666667 0.0625
