0 0.97265625 0.7252604166666666 0.0546875 0.10416666666666667
0 0.8502604166666666 0.7408854166666666 0.09375 0.11197916666666667
0 0.7083333333333334 0.7272135416666666 0.1640625 0.17057291666666666
0 0.5716145833333334 0.7369791666666666 0.08333333333333333 0.1015625
0 0.44140625 0.7096354166666666 0.140625 0.15885416666666666
0 0.2916666666666667 0.036458333333333336 0.09375 0.0625
0 0.3346354166666667 0.11979166666666667 0.08333333333333333 0.0703125
0 0.4166666666666667 0.17903645833333334 0.0703125 0.08463541666666667
0 0.9830729166666666 0.20963541666666666 0.033854166666666664 0.0859375
0 0.919921875 0.19986979166666666 0.061197916666666664 0.06640625
0 0.7083333333333334 0.033854166666666664 0.07291666666666667 0.06770833333333333
0 0.779296875 0.08919270833333333 0.07942708333333333 0.06380208333333333
0 0.8561197916666666 0.12890625 0.07161458333333333 0.078125
