0 0.6341145833333334 0.833984375 0.08854166666666667 0.06640625
0 0.69921875 0.724609375 0.09635416666666667 0.10807291666666667
0 0.9186197916666666 0.662109375 0.09244791666666667 0.11588541666666667
0 0.22135416666666666 0.8287760416666666 0.109375 0.10026041666666667
0 0.248046875 0.7115885416666666 0.11588541666666667 0.08984375
0 0.2897135416666667 0.5911458333333334 0.10286458333333333 0.08854166666666667
0 0.5032552083333334 0.5123697916666666 0.09244791666666667 0.11588541666666667
0 0.6595052083333334 0.3053385416666667 0.08984375 0.07161458333333333
0 0.359375 0.3561197916666667 0.11197916666666667 0.10026041666666667
0 0.232421875 0.2903645833333333 0.08723958333333333 0.109375
0 0.08919270833333333 0.248046875 0.16276041666666666 0.17838541666666666
