0 0.734375 0.9674479166666666 0.08854166666666667 0.06510416666666667
0 0.7545572916666666 0.16341145833333334 0.11067708333333333 0.08203125
0 0.7994791666666666 0.057291666666666664 0.11197916666666667 0.08072916666666667
0 0.82421875 0.26953125 0.11458333333333333 0.1015625
0 0.7330729166666666 0.35546875 0.11979166666666667 0.08333333333333333
0 0.662109375 0.5813802083333334 0.11328125 0.10546875
0 0.5227864583333334 0.7565104166666666 0.09765625 0.0859375
0 0.4401041666666667 0.8509114583333334 0.10677083333333333 0.07942708333333333
0 0.37890625 0.9446614583333334 0.09114583333333333 0.10026041666666667
0 0.2708333333333333 0.9537760416666666 0.08333333333333333 0.09244791666666667
0 0.15885416666666666 0.958984375 0.07552083333333333 0.08203125
0 0.048828125 0.9654947916666666 0.08203125 0.06901041666666667
