0 0.5611979166666666 0.09440104166666667 0.12760416666666666 0.11067708333333333
0 0.279296875 0.267578125 0.13151041666666666 0.10026041666666667
0 0.5572916666666666 0.3444010416666667 0.14322916666666666 0.11328125
0 0.5592447916666666 0.4759114583333333 0.13151041666666666 0.11848958333333333
0 0.16861979166666666 0.408203125 0.13151041666666666 0.09765625
0 0.2864583333333333 0.5618489583333334 0.1328125 0.10546875
0 0.2766927083333333 0.7109375 0.13671875 0.09375
0 0.2760416666666667 0.8424479166666666 0.13541666666666666 0.11197916666666667
0 0.2864583333333333 0.9596354166666666 0.12760416666666666 0.08072916666666667
0 0.5670572916666666 0.7200520833333334 0.11588541666666667 0.1015625
0 0.5813802083333334 0.8404947916666666 0.12369791666666667 0.10026041666666667
0 0.56640625 0.953125 0.12760416666666666 0.09375
