1 0.49076517150395776 0.8546875 0.019349164467897976 0.05
1 0.4758135444151275 0.903125 0.022867194371152155 0.053125
1 0.5351802990325418 0.6890625 0.020228671943711522 0.046875
1 0.6855760773966578 0.7703125 0.023746701846965697 0.0625
1 0.7088830255057168 0.79765625 0.021108179419525065 0.0578125
1 0.12445030782761654 0.846875 0.02198768689533861 0.071875
1 0.6459982409850483 0.18203125 0.013192612137203167 0.0328125
1 0.6772207563764292 0.23203125 0.0158311345646438 0.0390625
1 0.6134564643799473 0.12734375 0.011433597185576077 0.0296875
1 0.627528583992964 0.16953125 0.013192612137203167 0.0359375
1 0.62532981530343 0.03046875 0.014072119613016711 0.0359375
1 0.6411609498680739 0.08984375 0.012313104661389622 0.0328125
