0 0.759765625 0.7734375 0.12630208333333334 0.08854166666666667
0 0.6848958333333334 0.716796875 0.08333333333333333 0.07682291666666667
0 0.6276041666666666 0.61328125 0.11197916666666667 0.0703125
0 0.564453125 0.53515625 0.12109375 0.08072916666666667
0 0.4739583333333333 0.4713541666666667 0.08333333333333333 0.09375
0 0.4010416666666667 0.40625 0.08854166666666667 0.109375
0 0.3235677083333333 0.3229166666666667 0.09244791666666667 0.11197916666666667
0 0.21484375 0.2916666666666667 0.08072916666666667 0.109375
0 0.10416666666666667 0.2805989583333333 0.08854166666666667 0.09244791666666667
0 0.49609375 0.19661458333333334 0.10416666666666667 0.08854166666666667
