0 0.046875 0.054036458333333336 0.09375 0.09244791666666667
0 0.046875 0.40625 0.09375 0.09635416666666667
0 0.039713541666666664 0.17317708333333334 0.07942708333333333 0.09375
0 0.048177083333333336 0.6451822916666666 0.09375 0.09765625
0 0.5384114583333334 0.016927083333333332 0.12109375 0.033854166666666664
0 0.5390625 0.09765625 0.12239583333333333 0.09635416666666667
0 0.8209635416666666 0.20833333333333334 0.12890625 0.09895833333333333
0 0.5397135416666666 0.20052083333333334 0.13151041666666666 0.09635416666666667
0 0.509765625 0.3131510416666667 0.12369791666666667 0.10026041666666667
0 0.5475260416666666 0.53515625 0.13671875 0.11197916666666667
0 0.5592447916666666 0.6555989583333334 0.12369791666666667 0.10026041666666667
