0 0.15885416666666666 0.279296875 0.09114583333333333 0.10286458333333333
0 0.2786458333333333 0.2766927083333333 0.0859375 0.10286458333333333
0 0.3854166666666667 0.2591145833333333 0.10416666666666667 0.11979166666666667
0 0.916015625 0.044270833333333336 0.12630208333333334 0.08854166666666667
0 0.849609375 0.123046875 0.09505208333333333 0.11328125
0 0.7376302083333334 0.18098958333333334 0.08984375 0.11197916666666667
0 0.6341145833333334 0.25390625 0.08854166666666667 0.109375
0 0.5045572916666666 0.2682291666666667 0.09765625 0.12760416666666666
0 0.9537760416666666 0.6966145833333334 0.08984375 0.1328125
0 0.7493489583333334 0.7278645833333334 0.09505208333333333 0.125
0 0.658203125 0.6393229166666666 0.07421875 0.11979166666666667
0 0.54296875 0.6328125 0.09635416666666667 0.125
0 0.427734375 0.6080729166666666 0.08463541666666667 0.1328125
0 0.30078125 0.5833333333333334 0.1015625 0.125
0 0.16471354166666666 0.5813802083333334 0.09244791666666667 0.13932291666666666
