0 0.5807291666666666 0.9641927083333334 0.07552083333333333 0.07161458333333333
0 0.6217447916666666 0.8919270833333334 0.09505208333333333 0.0625
0 0.6412760416666666 0.7981770833333334 0.08203125 0.0546875
0 0.748046875 0.677734375 0.06640625 0.09505208333333333
0 0.828125 0.6412760416666666 0.0703125 0.08203125
0 0.8893229166666666 0.599609375 0.07291666666666667 0.08723958333333333
0 0.9641927083333334 0.56640625 0.055989583333333336 0.08854166666666667
0 0.7220052083333334 0.3268229166666667 0.05859375 0.078125
0 0.673828125 0.5859375 0.053385416666666664 0.09114583333333333
0 0.6067708333333334 0.5826822916666666 0.057291666666666664 0.08203125
0 0.54296875 0.5748697916666666 0.0546875 0.08203125
0 0.4772135416666667 0.56640625 0.05078125 0.08072916666666667
0 0.3997395833333333 0.57421875 0.059895833333333336 0.0703125
0 0.369140625 0.63671875 0.08723958333333333 0.057291666666666664
0 0.349609375 0.7044270833333334 0.07421875 0.052083333333333336
0 0.404296875 0.7682291666666666 0.06901041666666667 0.0625
0 0.5006510416666666 0.7825520833333334 0.07682291666666667 0.052083333333333336
