0 0.7141927083333334 0.80078125 0.05859375 0.09635416666666667
0 0.626953125 0.9388020833333334 0.09244791666666667 0.07552083333333333
0 0.7337239583333334 0.6009114583333334 0.10026041666666667 0.10807291666666667
0 0.5286458333333334 0.7213541666666666 0.07291666666666667 0.08854166666666667
0 0.419921875 0.7473958333333334 0.07942708333333333 0.08854166666666667
0 0.3092447916666667 0.7545572916666666 0.06640625 0.08984375
0 0.8860677083333334 0.439453125 0.07682291666666667 0.09505208333333333
0 0.951171875 0.3450520833333333 0.09765625 0.09375
0 0.21354166666666666 0.7578125 0.0625 0.08854166666666667
0 0.13411458333333334 0.751953125 0.0546875 0.08723958333333333
