0 0.8033854166666666 0.8001302083333334 0.09114583333333333 0.09244791666666667
0 0.6985677083333334 0.9095052083333334 0.10286458333333333 0.09765625
0 0.56640625 0.8723958333333334 0.08854166666666667 0.09375
0 0.4798177083333333 0.765625 0.09505208333333333 0.09114583333333333
0 0.837890625 0.5748697916666666 0.09765625 0.09765625
0 0.7779947916666666 0.4485677083333333 0.09244791666666667 0.09765625
0 0.7265625 0.345703125 0.09635416666666667 0.09505208333333333
0 0.677734375 0.248046875 0.09765625 0.07942708333333333
0 0.6178385416666666 0.14908854166666666 0.09244791666666667 0.09505208333333333
0 0.326171875 0.419921875 0.09505208333333333 0.09505208333333333
0 0.560546875 0.05078125 0.10026041666666667 0.09114583333333333
