0 0.4615885416666667 0.8899739583333334 0.10026041666666667 0.14973958333333334
0 0.8463541666666666 0.5807291666666666 0.09114583333333333 0.12239583333333333
0 0.20638020833333334 0.6438802083333334 0.06901041666666667 0.08463541666666667
0 0.306640625 0.6686197916666666 0.06901041666666667 0.08723958333333333
0 0.4055989583333333 0.603515625 0.08984375 0.09765625
0 0.46484375 0.5006510416666666 0.11458333333333333 0.09244791666666667
0 0.4244791666666667 0.384765625 0.12239583333333333 0.10026041666666667
0 0.333984375 0.3209635416666667 0.09244791666666667 0.11067708333333333
0 0.21940104166666666 0.2513020833333333 0.09244791666666667 0.09895833333333333
0 0.10286458333333333 0.185546875 0.09375 0.10026041666666667
0 0.681640625 0.03125 0.09505208333333333 0.0625
