0 0.6256510416666666 0.947265625 0.12369791666666667 0.08463541666666667
0 0.6959635416666666 0.8072916666666666 0.12890625 0.1015625
0 0.4759114583333333 0.8072916666666666 0.08463541666666667 0.09375
0 0.466796875 0.5787760416666666 0.09244791666666667 0.12109375
0 0.21484375 0.6393229166666666 0.09635416666666667 0.1171875
0 0.10611979166666667 0.6100260416666666 0.09244791666666667 0.11848958333333333
0 0.4127604166666667 0.208984375 0.14322916666666666 0.16276041666666666
0 0.5182291666666666 0.119140625 0.09895833333333333 0.10286458333333333
0 0.5716145833333334 0.033203125 0.09375 0.06640625
0 0.2805989583333333 0.2552083333333333 0.08463541666666667 0.10416666666666667
0 0.16796875 0.2571614583333333 0.09375 0.11328125
0 0.052734375 0.2578125 0.08984375 0.10416666666666667
