0 0.8196614583333334 0.4296875 0.12890625 0.1171875
0 0.7057291666666666 0.5930989583333334 0.13020833333333334 0.11848958333333333
0 0.6393229166666666 0.796875 0.24739583333333334 0.2109375
0 0.5559895833333334 0.9583333333333334 0.13802083333333334 0.08333333333333333
0 0.2513020833333333 0.83203125 0.12760416666666666 0.1171875
0 0.16796875 0.9798177083333334 0.16927083333333334 0.040364583333333336
0 0.16536458333333334 0.9778645833333334 0.15885416666666666 0.044270833333333336
0 0.2526041666666667 0.833984375 0.11458333333333333 0.11328125
0 0.640625 0.796875 0.23697916666666666 0.20572916666666666
0 0.556640625 0.9583333333333334 0.12890625 0.08333333333333333
0 0.7076822916666666 0.5930989583333334 0.12890625 0.11328125
0 0.8209635416666666 0.4290364583333333 0.12890625 0.11328125
