0 0.3626302083333333 0.150390625 0.11848958333333333 0.08723958333333333
0 0.06770833333333333 0.265625 0.125 0.08854166666666667
0 0.3600260416666667 0.2649739583333333 0.12630208333333334 0.09244791666666667
0 0.3658854166666667 0.3873697916666667 0.10677083333333333 0.09244791666666667
0 0.3658854166666667 0.748046875 0.13020833333333334 0.08463541666666667
0 0.057291666666666664 0.849609375 0.09635416666666667 0.09244791666666667
0 0.06705729166666667 0.9609375 0.11328125 0.078125
0 0.37109375 0.8678385416666666 0.1171875 0.08463541666666667
0 0.3763020833333333 0.962890625 0.1171875 0.07421875
0 0.859375 0.3873697916666667 0.11197916666666667 0.07942708333333333
0 0.857421875 0.7154947916666666 0.11067708333333333 0.07421875
0 0.86328125 0.8170572916666666 0.1171875 0.06901041666666667
