0 0.6608072916666666 0.009765625 0.06640625 0.01953125
0 0.18359375 0.3170572916666667 0.11197916666666667 0.12890625
0 0.047526041666666664 0.24544270833333334 0.09505208333333333 0.12890625
0 0.21028645833333334 0.7584635416666666 0.09505208333333333 0.09765625
0 0.13216145833333334 0.8509114583333334 0.09244791666666667 0.10807291666666667
0 0.05078125 0.94140625 0.09114583333333333 0.09895833333333333
0 0.9837239583333334 0.3346354166666667 0.032552083333333336 0.12239583333333333
0 0.9720052083333334 0.439453125 0.055989583333333336 0.08984375
0 0.9303385416666666 0.5846354166666666 0.09765625 0.12760416666666666
0 0.8001302083333334 0.5559895833333334 0.08984375 0.1171875
0 0.69140625 0.501953125 0.09114583333333333 0.10807291666666667
