0 0.9889322916666666 0.30859375 0.022135416666666668 0.08072916666666667
0 0.7239583333333334 0.330078125 0.059895833333333336 0.07942708333333333
0 0.5377604166666666 0.451171875 0.08072916666666667 0.055989583333333336
0 0.9641927083333334 0.5592447916666666 0.07161458333333333 0.08984375
0 0.8912760416666666 0.5970052083333334 0.07942708333333333 0.08723958333333333
0 0.6803385416666666 0.5930989583333334 0.053385416666666664 0.09765625
0 0.6087239583333334 0.5852864583333334 0.053385416666666664 0.07942708333333333
0 0.5390625 0.5748697916666666 0.059895833333333336 0.07421875
0 0.3619791666666667 0.6393229166666666 0.078125 0.059895833333333336
0 0.3450520833333333 0.703125 0.10416666666666667 0.057291666666666664
0 0.501953125 0.7890625 0.08723958333333333 0.0625
0 0.6354166666666666 0.8020833333333334 0.08333333333333333 0.0546875
0 0.6106770833333334 0.8932291666666666 0.07552083333333333 0.059895833333333336
