0 0.865234375 0.83203125 0.12109375 0.09895833333333333
0 0.623046875 0.681640625 0.08984375 0.07682291666666667
0 0.5188802083333334 0.75390625 0.10286458333333333 0.078125
0 0.375 0.9420572916666666 0.08333333333333333 0.08723958333333333
0 0.2662760416666667 0.9407552083333334 0.09244791666666667 0.10026041666666667
0 0.15364583333333334 0.9563802083333334 0.09895833333333333 0.08723958333333333
0 0.6686197916666666 0.5826822916666666 0.11328125 0.07942708333333333
0 0.75 0.4752604166666667 0.109375 0.07291666666666667
0 0.73828125 0.3567708333333333 0.1171875 0.09635416666666667
0 0.7473958333333334 0.16471354166666666 0.11458333333333333 0.08463541666666667
0 0.7975260416666666 0.057291666666666664 0.11328125 0.078125
