0 0.603515625 0.873046875 0.06640625 0.08203125
0 0.7005208333333334 0.9166666666666666 0.057291666666666664 0.07291666666666667
0 0.7493489583333334 0.52734375 0.05078125 0.06770833333333333
0 0.685546875 0.5592447916666666 0.048177083333333336 0.07161458333333333
0 0.490234375 0.6484375 0.045572916666666664 0.06770833333333333
0 0.4264322916666667 0.6822916666666666 0.045572916666666664 0.07291666666666667
0 0.4466145833333333 0.40234375 0.07552083333333333 0.08854166666666667
0 0.3216145833333333 0.41796875 0.08333333333333333 0.1015625
0 0.22981770833333334 0.4622395833333333 0.07942708333333333 0.0859375
0 0.12239583333333333 0.5 0.078125 0.09895833333333333
0 0.03125 0.4837239583333333 0.0625 0.07682291666666667
0 0.3229166666666667 0.024088541666666668 0.13541666666666666 0.048177083333333336
