0 0.13997395833333334 0.17903645833333334 0.11848958333333333 0.08463541666666667
0 0.58203125 0.728515625 0.1015625 0.06640625
0 0.6236979166666666 0.8190104166666666 0.11197916666666667 0.06510416666666667
0 0.9348958333333334 0.7350260416666666 0.0859375 0.07161458333333333
0 0.962890625 0.8287760416666666 0.07421875 0.06640625
0 0.7005208333333334 0.9850260416666666 0.10416666666666667 0.029947916666666668
0 0.13802083333333334 0.173828125 0.09375 0.07682291666666667
0 0.6920572916666666 0.9830729166666666 0.09244791666666667 0.033854166666666664
0 0.6197916666666666 0.8229166666666666 0.09114583333333333 0.07291666666666667
0 0.5826822916666666 0.734375 0.09505208333333333 0.07552083333333333
0 0.9381510416666666 0.7356770833333334 0.08463541666666667 0.07291666666666667
0 0.96484375 0.8294270833333334 0.0703125 0.07291666666666667
