0 0.3053385416666667 0.044270833333333336 0.07682291666666667 0.06510416666666667
0 0.3587239583333333 0.11783854166666667 0.06640625 0.05078125
0 0.4134114583333333 0.19140625 0.08203125 0.0625
0 0.5983072916666666 0.09505208333333333 0.08984375 0.0859375
0 0.390625 0.3736979166666667 0.09895833333333333 0.07552083333333333
0 0.026692708333333332 0.5540364583333334 0.05078125 0.11328125
0 0.8548177083333334 0.7513020833333334 0.11067708333333333 0.1328125
0 0.72265625 0.7545572916666666 0.09635416666666667 0.11848958333333333
0 0.453125 0.7265625 0.11979166666666667 0.1171875
0 0.470703125 0.9153645833333334 0.15234375 0.13020833333333334
