0 0.09765625 0.7688802083333334 0.171875 0.18359375
0 0.40234375 0.22916666666666666 0.09635416666666667 0.11979166666666667
0 0.3411458333333333 0.024088541666666668 0.09895833333333333 0.048177083333333336
0 0.6907552083333334 0.013020833333333334 0.12109375 0.026041666666666668
0 0.7415364583333334 0.546875 0.10026041666666667 0.11979166666666667
0 0.5944010416666666 0.5963541666666666 0.13671875 0.16145833333333334
0 0.4270833333333333 0.650390625 0.14583333333333334 0.15494791666666666
0 0.7454427083333334 0.92578125 0.14973958333333334 0.1484375
0 0.9134114583333334 0.8782552083333334 0.14973958333333334 0.16796875
0 0.533203125 0.9596354166666666 0.14713541666666666 0.08072916666666667
