1 0.14907651715039577 0.8328125 0.0395778364116095 0.071875
1 0.2717678100263852 0.615625 0.036939313984168866 0.06875
1 0.35751978891820585 0.39375 0.03430079155672823 0.059375
1 0.25769569041336854 0.2125 0.03518029903254178 0.05
1 0.2708883025505717 0.23984375 0.026385224274406333 0.0484375
1 0.02198768689533861 0.94765625 0.040457343887423045 0.0640625
1 0.4441512752858399 0.8125 0.036939313984168866 0.0625
1 0.4788918205804749 0.7609375 0.03430079155672823 0.0625
1 0.5189094107299912 0.70390625 0.036939313984168866 0.0578125
1 0.5514511873350924 0.6546875 0.0316622691292876 0.065625
1 0.6297273526824978 0.54765625 0.0316622691292876 0.0609375
1 0.18073878627968337 0.19296875 0.03430079155672823 0.0484375
1 0.2154793315743184 0.26015625 0.036939313984168866 0.0453125
1 0.24406332453825857 0.18203125 0.032541776605101144 0.0453125
