0 0.7942708333333334 0.020182291666666668 0.11458333333333333 0.040364583333333336
0 0.8470052083333334 0.296875 0.08984375 0.109375
0 0.6725260416666666 0.337890625 0.09505208333333333 0.10546875
0 0.5924479166666666 0.4811197916666667 0.11458333333333333 0.09244791666666667
0 0.55078125 0.2975260416666667 0.09375 0.10286458333333333
0 0.09830729166666667 0.5279947916666666 0.09505208333333333 0.10807291666666667
0 0.22200520833333334 0.58984375 0.09765625 0.1015625
0 0.34375 0.6490885416666666 0.10677083333333333 0.11328125
0 0.4095052083333333 0.9212239583333334 0.07161458333333333 0.08203125
0 0.3020833333333333 0.98046875 0.08333333333333333 0.0390625
0 0.18684895833333334 0.9557291666666666 0.08984375 0.08854166666666667
0 0.07552083333333333 0.896484375 0.11197916666666667 0.14192708333333334
