0 0.3522135416666667 0.048828125 0.12630208333333334 0.08463541666666667
0 0.3411458333333333 0.17122395833333334 0.11979166666666667 0.08723958333333333
0 0.357421875 0.4075520833333333 0.11848958333333333 0.09375
0 0.3639322916666667 0.5319010416666666 0.12109375 0.09505208333333333
0 0.07421875 0.05078125 0.12760416666666666 0.08333333333333333
0 0.06901041666666667 0.17513020833333334 0.125 0.08984375
0 0.072265625 0.291015625 0.13671875 0.08463541666666667
0 0.072265625 0.5299479166666666 0.13151041666666666 0.08854166666666667
0 0.8645833333333334 0.3098958333333333 0.09114583333333333 0.09895833333333333
0 0.7024739583333334 0.5514322916666666 0.07421875 0.12890625
