0 0.07161458333333333 0.049479166666666664 0.13802083333333334 0.09895833333333333
0 0.068359375 0.16861979166666666 0.12630208333333334 0.10026041666666667
0 0.07421875 0.291015625 0.13020833333333334 0.09505208333333333
0 0.06705729166666667 0.4055989583333333 0.13411458333333334 0.08984375
0 0.3391927083333333 0.169921875 0.11588541666666667 0.10026041666666667
0 0.3619791666666667 0.4049479166666667 0.13541666666666666 0.09635416666666667
0 0.87109375 0.091796875 0.109375 0.10286458333333333
0 0.8606770833333334 0.3046875 0.109375 0.11197916666666667
0 0.06380208333333333 0.5234375 0.12760416666666666 0.09114583333333333
0 0.08984375 0.6438802083333334 0.1328125 0.11588541666666667
0 0.3522135416666667 0.6354166666666666 0.12630208333333334 0.1015625
0 0.595703125 0.9055989583333334 0.11328125 0.12630208333333334
0 0.9016927083333334 0.646484375 0.10026041666666667 0.10546875
