0 0.21354166666666666 0.8274739583333334 0.1015625 0.09505208333333333
0 0.232421875 0.7057291666666666 0.11588541666666667 0.0859375
0 0.2779947916666667 0.58984375 0.11848958333333333 0.09375
0 0.3541666666666667 0.4713541666666667 0.1171875 0.08854166666666667
0 0.2265625 0.2845052083333333 0.09895833333333333 0.10286458333333333
0 0.08723958333333333 0.23958333333333334 0.1015625 0.15364583333333334
0 0.03125 0.3346354166666667 0.0625 0.12239583333333333
0 0.021484375 0.439453125 0.04296875 0.08984375
0 0.9694010416666666 0.7415364583333334 0.061197916666666664 0.12369791666666667
0 0.783203125 0.6256510416666666 0.09505208333333333 0.12630208333333334
0 0.689453125 0.7265625 0.10807291666666667 0.11458333333333333
