0 0.042317708333333336 0.2623697916666667 0.08463541666666667 0.09505208333333333
0 0.031901041666666664 0.5032552083333334 0.06380208333333333 0.10026041666666667
0 0.048177083333333336 0.73828125 0.09635416666666667 0.09635416666666667
0 0.5234375 0.20182291666666666 0.109375 0.11197916666666667
0 0.5299479166666666 0.3098958333333333 0.10677083333333333 0.10416666666666667
0 0.5377604166666666 0.4251302083333333 0.109375 0.10286458333333333
0 0.52734375 0.6380208333333334 0.109375 0.11197916666666667
0 0.041015625 0.958984375 0.08203125 0.08203125
0 0.568359375 0.9635416666666666 0.10026041666666667 0.07291666666666667
0 0.8059895833333334 0.9739583333333334 0.09635416666666667 0.052083333333333336
