0 0.9485677083333334 0.947265625 0.10286458333333333 0.08463541666666667
0 0.8092447916666666 0.8072916666666666 0.08463541666666667 0.09375
0 0.8001302083333334 0.5787760416666666 0.09244791666666667 0.12109375
0 0.5481770833333334 0.6393229166666666 0.09635416666666667 0.1171875
0 0.439453125 0.6100260416666666 0.09244791666666667 0.11848958333333333
0 0.74609375 0.208984375 0.14322916666666666 0.16276041666666666
0 0.8515625 0.119140625 0.09895833333333333 0.10286458333333333
0 0.9049479166666666 0.033203125 0.09375 0.06640625
0 0.6139322916666666 0.2552083333333333 0.08463541666666667 0.10416666666666667
0 0.5013020833333334 0.2571614583333333 0.09375 0.11328125
0 0.3860677083333333 0.2578125 0.08984375 0.10416666666666667
0 0.2799479166666667 0.2916666666666667 0.10416666666666667 0.11197916666666667
0 0.171875 0.5859375 0.09635416666666667 0.11197916666666667
