1 0.5328125 0.3337962962962963 0.035416666666666666 0.04259259259259259
1 0.22447916666666667 0.55 0.04479166666666667 0.05
1 0.24088541666666666 0.5537037037037037 0.035416666666666666 0.046296296296296294
1 0.25338541666666664 0.5574074074074075 0.043229166666666666 0.05277777777777778
1 0.9559895833333333 0.2726851851851852 0.0375 0.06296296296296296
1 0.2721354166666667 0.5601851851851852 0.04375 0.049074074074074076
1 0.28177083333333336 0.5666666666666667 0.0375 0.05092592592592592
1 0.30833333333333335 0.562037037037037 0.04375 0.058333333333333334
1 0.10677083333333333 0.6541666666666667 0.04010416666666667 0.05092592592592592
1 0.3255208333333333 0.5671296296296297 0.05260416666666667 0.06481481481481481
1 0.12083333333333333 0.6601851851851852 0.052083333333333336 0.06574074074074074
1 0.15442708333333333 0.6685185185185185 0.05520833333333333 0.07222222222222222
1 0.16901041666666666 0.6759259259259259 0.05625 0.06944444444444445
1 0.18359375 0.6856481481481481 0.06145833333333333 0.07314814814814814
1 0.49973958333333335 0.6796296296296296 0.058854166666666666 0.08703703703703704
