0 0.052083333333333336 0.2591145833333333 0.10416666666666667 0.11979166666666667
0 0.5826822916666666 0.044270833333333336 0.12630208333333334 0.08854166666666667
0 0.5162760416666666 0.123046875 0.09505208333333333 0.11328125
0 0.404296875 0.18098958333333334 0.08984375 0.11197916666666667
0 0.30078125 0.25390625 0.08854166666666667 0.109375
0 0.17122395833333334 0.2682291666666667 0.09765625 0.12760416666666666
0 0.6204427083333334 0.6966145833333334 0.08984375 0.1328125
0 0.814453125 0.9329427083333334 0.10026041666666667 0.09765625
0 0.416015625 0.7278645833333334 0.09505208333333333 0.125
0 0.3248697916666667 0.6393229166666666 0.07421875 0.11979166666666667
0 0.20963541666666666 0.6328125 0.09635416666666667 0.125
0 0.09440104166666667 0.6080729166666666 0.08463541666666667 0.1328125
