0 0.275390625 0.13736979166666666 0.12630208333333334 0.10286458333333333
0 0.4934895833333333 0.21940104166666666 0.0703125 0.09244791666666667
0 0.984375 0.3125 0.03125 0.08854166666666667
0 0.9231770833333334 0.3196614583333333 0.07291666666666667 0.10807291666666667
0 0.8274739583333334 0.3313802083333333 0.07421875 0.10807291666666667
0 0.728515625 0.3274739583333333 0.07421875 0.10286458333333333
0 0.9661458333333334 0.5833333333333334 0.06770833333333333 0.10416666666666667
0 0.892578125 0.6106770833333334 0.07682291666666667 0.109375
0 0.7473958333333334 0.6901041666666666 0.0625 0.0859375
0 0.6809895833333334 0.5950520833333334 0.06510416666666667 0.09114583333333333
0 0.611328125 0.59765625 0.061197916666666664 0.08854166666666667
0 0.53515625 0.5963541666666666 0.06510416666666667 0.08072916666666667
0 0.365234375 0.6549479166666666 0.07682291666666667 0.06510416666666667
0 0.3606770833333333 0.7200520833333334 0.10416666666666667 0.059895833333333336
0 0.412109375 0.7727864583333334 0.07942708333333333 0.05859375
0 0.23958333333333334 0.7923177083333334 0.07291666666666667 0.10286458333333333
0 0.64453125 0.8079427083333334 0.0703125 0.061197916666666664
0 0.6217447916666666 0.9069010416666666 0.08203125 0.06380208333333333
