0 0.6178385416666666 0.029947916666666668 0.13411458333333334 0.059895833333333336
0 0.7682291666666666 0.103515625 0.1015625 0.12890625
0 0.9108072916666666 0.17122395833333334 0.10546875 0.12369791666666667
0 0.8860677083333334 0.9186197916666666 0.16276041666666666 0.16276041666666666
0 0.70703125 0.8177083333333334 0.171875 0.21875
0 0.3561197916666667 0.6380208333333334 0.15755208333333334 0.19270833333333334
0 0.17513020833333334 0.5481770833333334 0.16796875 0.19791666666666666
0 0.3307291666666667 0.9759114583333334 0.1484375 0.048177083333333336
0 0.0390625 0.4453125 0.078125 0.1875
0 0.030598958333333332 0.8346354166666666 0.05859375 0.1875
