0 0.6276041666666666 0.9466145833333334 0.11197916666666667 0.0703125
0 0.564453125 0.8684895833333334 0.12109375 0.08072916666666667
0 0.4739583333333333 0.8046875 0.08333333333333333 0.09375
0 0.4010416666666667 0.7395833333333334 0.08854166666666667 0.109375
0 0.3235677083333333 0.65625 0.09244791666666667 0.11197916666666667
0 0.21484375 0.625 0.08072916666666667 0.109375
0 0.10416666666666667 0.6139322916666666 0.08854166666666667 0.09244791666666667
0 0.49609375 0.5299479166666666 0.10416666666666667 0.08854166666666667
0 0.053385416666666664 0.2532552083333333 0.09114583333333333 0.09244791666666667
0 0.17643229166666666 0.2610677083333333 0.08984375 0.09765625
0 0.2981770833333333 0.2545572916666667 0.08333333333333333 0.08984375
0 0.423828125 0.20442708333333334 0.10286458333333333 0.125
0 0.5208333333333334 0.12760416666666666 0.078125 0.09375
0 0.8587239583333334 0.18684895833333334 0.08723958333333333 0.11328125
0 0.9231770833333334 0.091796875 0.09375 0.08984375
