0 0.6276041666666666 0.033203125 0.06510416666666667 0.06640625
0 0.9303385416666666 0.16861979166666666 0.13932291666666666 0.17838541666666666
0 0.7545572916666666 0.4947916666666667 0.07942708333333333 0.07552083333333333
0 0.7194010416666666 0.5807291666666666 0.07942708333333333 0.07552083333333333
0 0.6848958333333334 0.6666666666666666 0.07552083333333333 0.07291666666666667
0 0.931640625 0.17057291666666666 0.13671875 0.1640625
0 0.6282552083333334 0.031901041666666664 0.07421875 0.06380208333333333
0 0.7578125 0.4915364583333333 0.09375 0.07682291666666667
0 0.72265625 0.5774739583333334 0.09114583333333333 0.07682291666666667
0 0.685546875 0.666015625 0.08723958333333333 0.07682291666666667
