0 0.794921875 0.8899739583333334 0.10026041666666667 0.14973958333333334
0 0.29296875 0.5110677083333334 0.12760416666666666 0.16015625
0 0.5397135416666666 0.6438802083333334 0.06901041666666667 0.08463541666666667
0 0.6399739583333334 0.6686197916666666 0.06901041666666667 0.08723958333333333
0 0.7389322916666666 0.603515625 0.08984375 0.09765625
0 0.7981770833333334 0.5006510416666666 0.11458333333333333 0.09244791666666667
0 0.7578125 0.384765625 0.12239583333333333 0.10026041666666667
0 0.6673177083333334 0.3209635416666667 0.09244791666666667 0.11067708333333333
0 0.552734375 0.2513020833333333 0.09244791666666667 0.09895833333333333
0 0.4361979166666667 0.185546875 0.09375 0.10026041666666667
0 0.9837239583333334 0.03125 0.032552083333333336 0.0625
