0 0.29296875 0.8444010416666666 0.12760416666666666 0.16015625
0 0.5397135416666666 0.9674479166666666 0.06901041666666667 0.06510416666666667
0 0.6399739583333334 0.9791666666666666 0.06901041666666667 0.041666666666666664
0 0.7389322916666666 0.9368489583333334 0.08984375 0.09765625
0 0.7981770833333334 0.833984375 0.11458333333333333 0.09244791666666667
0 0.7578125 0.7180989583333334 0.12239583333333333 0.10026041666666667
0 0.6673177083333334 0.654296875 0.09244791666666667 0.11067708333333333
0 0.552734375 0.5846354166666666 0.09244791666666667 0.09895833333333333
0 0.4361979166666667 0.5188802083333334 0.09375 0.10026041666666667
0 0.5794270833333334 0.279296875 0.09635416666666667 0.11588541666666667
0 0.677734375 0.23046875 0.08723958333333333 0.09895833333333333
0 0.896484375 0.30078125 0.09765625 0.10677083333333333
0 0.9837239583333334 0.3430989583333333 0.032552083333333336 0.10546875
