0 0.9524739583333334 0.9466145833333334 0.09505208333333333 0.0703125
0 0.8977864583333334 0.8684895833333334 0.12109375 0.08072916666666667
0 0.8072916666666666 0.8046875 0.08333333333333333 0.09375
0 0.734375 0.7395833333333334 0.08854166666666667 0.109375
0 0.6569010416666666 0.65625 0.09244791666666667 0.11197916666666667
0 0.5481770833333334 0.625 0.08072916666666667 0.109375
0 0.4375 0.6139322916666666 0.08854166666666667 0.09244791666666667
0 0.30078125 0.5930989583333334 0.0859375 0.11588541666666667
0 0.8294270833333334 0.5299479166666666 0.10416666666666667 0.08854166666666667
0 0.162109375 0.2727864583333333 0.09765625 0.09765625
0 0.28515625 0.2884114583333333 0.09114583333333333 0.10807291666666667
0 0.38671875 0.2532552083333333 0.09114583333333333 0.09244791666666667
0 0.509765625 0.2610677083333333 0.08984375 0.09765625
0 0.6315104166666666 0.2545572916666667 0.08333333333333333 0.08984375
0 0.7571614583333334 0.20442708333333334 0.10286458333333333 0.125
0 0.8541666666666666 0.12760416666666666 0.078125 0.09375
