0 0.68359375 0.576171875 0.0625 0.08203125
0 0.611328125 0.5807291666666666 0.053385416666666664 0.078125
0 0.48046875 0.5611979166666666 0.0625 0.078125
0 0.3984375 0.5774739583333334 0.0625 0.07682291666666667
0 0.24283854166666666 0.5631510416666666 0.07161458333333333 0.053385416666666664
0 0.2109375 0.7408854166666666 0.06770833333333333 0.0546875
0 0.3971354166666667 0.7578125 0.06770833333333333 0.052083333333333336
0 0.5084635416666666 0.78125 0.06901041666666667 0.0546875
0 0.6692708333333334 0.130859375 0.109375 0.061197916666666664
0 0.580078125 0.962890625 0.07161458333333333 0.07421875
