0 0.5572916666666666 0.033854166666666664 0.14322916666666666 0.06770833333333333
0 0.5592447916666666 0.142578125 0.13151041666666666 0.11848958333333333
0 0.16861979166666666 0.07486979166666667 0.13151041666666666 0.09765625
0 0.2864583333333333 0.228515625 0.1328125 0.10546875
0 0.2766927083333333 0.3776041666666667 0.13671875 0.09375
0 0.2760416666666667 0.5091145833333334 0.13541666666666666 0.11197916666666667
0 0.2864583333333333 0.6380208333333334 0.12760416666666666 0.10416666666666667
0 0.5670572916666666 0.38671875 0.11588541666666667 0.1015625
0 0.5813802083333334 0.5071614583333334 0.12369791666666667 0.10026041666666667
0 0.56640625 0.6243489583333334 0.12760416666666666 0.10286458333333333
