0 0.099609375 0.078125 0.09244791666666667 0.08333333333333333
0 0.12955729166666666 0.173828125 0.09505208333333333 0.08203125
0 0.16015625 0.26953125 0.08854166666666667 0.0859375
0 0.216796875 0.4661458333333333 0.08984375 0.09375
0 0.3098958333333333 0.027994791666666668 0.15885416666666666 0.055989583333333336
0 0.5794270833333334 0.08919270833333333 0.078125 0.11067708333333333
0 0.712890625 0.166015625 0.15755208333333334 0.18619791666666666
0 0.9765625 0.4270833333333333 0.046875 0.09635416666666667
0 0.951171875 0.552734375 0.09505208333333333 0.08984375
0 0.8411458333333334 0.8756510416666666 0.078125 0.06901041666666667
