0 0.9791666666666666 0.337890625 0.041666666666666664 0.10546875
0 0.92578125 0.4811197916666667 0.11458333333333333 0.09244791666666667
0 0.8841145833333334 0.2975260416666667 0.09375 0.10286458333333333
0 0.431640625 0.5279947916666666 0.09505208333333333 0.10807291666666667
0 0.5553385416666666 0.58984375 0.09765625 0.1015625
0 0.6770833333333334 0.6490885416666666 0.10677083333333333 0.11328125
0 0.7428385416666666 0.9212239583333334 0.07161458333333333 0.08203125
0 0.6354166666666666 0.98046875 0.08333333333333333 0.0390625
0 0.5201822916666666 0.9557291666666666 0.08984375 0.08854166666666667
0 0.4088541666666667 0.896484375 0.11197916666666667 0.14192708333333334
