0 0.7298177083333334 0.9778645833333334 0.11067708333333333 0.044270833333333336
0 0.8098958333333334 0.91796875 0.09114583333333333 0.10677083333333333
0 0.15755208333333334 0.9635416666666666 0.09375 0.07291666666666667
0 0.2721354166666667 0.951171875 0.08854166666666667 0.09765625
0 0.5266927083333334 0.7721354166666666 0.11067708333333333 0.08333333333333333
0 0.6119791666666666 0.685546875 0.09114583333333333 0.07942708333333333
0 0.75 0.4869791666666667 0.1015625 0.09375
0 0.958984375 0.552734375 0.08203125 0.08723958333333333
0 0.9479166666666666 0.72265625 0.09114583333333333 0.0859375
0 0.736328125 0.3548177083333333 0.09244791666666667 0.08463541666666667
0 0.8248697916666666 0.2688802083333333 0.10286458333333333 0.08984375
