0 0.3294270833333333 0.7486979166666666 0.0859375 0.1015625
0 0.228515625 0.724609375 0.09244791666666667 0.10546875
0 0.11393229166666667 0.7506510416666666 0.08984375 0.10546875
0 0.014322916666666666 0.7252604166666666 0.028645833333333332 0.10416666666666667
0 0.2884114583333333 0.517578125 0.10286458333333333 0.061197916666666664
0 0.26171875 0.4401041666666667 0.0859375 0.06510416666666667
0 0.3059895833333333 0.3548177083333333 0.08333333333333333 0.061197916666666664
0 0.18424479166666666 0.220703125 0.07942708333333333 0.08723958333333333
0 0.0859375 0.20442708333333334 0.07291666666666667 0.08333333333333333
0 0.017578125 0.20963541666666666 0.03515625 0.0859375
