0 0.3587239583333333 0.2623697916666667 0.11848958333333333 0.09505208333333333
0 0.072265625 0.2591145833333333 0.14192708333333334 0.10416666666666667
0 0.07161458333333333 0.3828125 0.13802083333333334 0.09895833333333333
0 0.068359375 0.501953125 0.12630208333333334 0.10026041666666667
0 0.07421875 0.6243489583333334 0.13020833333333334 0.09505208333333333
0 0.06705729166666667 0.7389322916666666 0.13411458333333334 0.08984375
0 0.3391927083333333 0.5032552083333334 0.11588541666666667 0.10026041666666667
0 0.3619791666666667 0.73828125 0.13541666666666666 0.09635416666666667
0 0.8567708333333334 0.20182291666666666 0.109375 0.11197916666666667
0 0.86328125 0.3098958333333333 0.10677083333333333 0.10416666666666667
0 0.87109375 0.4251302083333333 0.109375 0.10286458333333333
0 0.8606770833333334 0.6380208333333334 0.109375 0.11197916666666667
0 0.06380208333333333 0.8567708333333334 0.12760416666666666 0.09114583333333333
0 0.08984375 0.9596354166666666 0.1328125 0.08072916666666667
0 0.3522135416666667 0.958984375 0.12630208333333334 0.08203125
0 0.9016927083333334 0.9635416666666666 0.10026041666666667 0.07291666666666667
